$ 1 0.000005 10.20027730826997 50 5 50 5e-11
152 656 192 768 192 0 4 0 5
152 656 448 768 448 0 4 0 5
152 656 320 768 320 0 4 0 5
w 400 352 400 464 0
w 400 464 656 464 0
w 656 480 400 480 0
w 448 224 448 432 0
w 448 432 656 432 0
w 304 96 528 96 0
w 528 96 528 416 0
w 528 416 656 416 0
w 400 416 416 416 0
w 416 416 416 352 0
w 416 352 656 352 0
w 400 336 656 336 0
w 480 160 480 304 0
w 480 304 656 304 0
w 528 96 560 96 0
w 560 96 560 288 0
w 560 288 656 288 0
w 400 288 480 288 0
w 512 288 512 224 0
w 512 224 656 224 0
w 512 288 480 288 0
w 448 224 448 208 0
w 448 208 656 208 0
w 480 160 480 176 0
w 480 176 656 176 0
w 656 160 560 160 0
w 560 160 560 96 0
I 400 544 480 544 0 0.5 5
w 400 544 400 480 0
w 400 336 400 352 0
w 400 480 304 480 0
w 400 416 304 416 0
w 400 352 304 352 0
w 400 288 304 288 0
w 448 224 304 224 0
w 480 160 304 160 0
207 304 480 224 480 4 1
207 304 416 224 416 4 2
207 304 352 224 352 4 3
207 304 224 224 224 4 5
207 304 160 224 160 4 6
207 304 96 224 96 4 7
207 304 288 224 288 4 4
207 480 544 896 544 4 ZR
207 768 448 896 448 4 Q0
207 768 320 896 320 4 Q1
207 768 192 896 192 4 Q2
