$ 1 0.000005 25.510281670702206 50 5 50 5e-11
196 -96 720 0 720 2 4
157 -352 496 -336 496 0 7 0 0
157 -192 496 -48 496 1024 7 0 0
197 -544 496 -464 496 0
197 0 496 32 496 1024
L -336 208 -336 128 0 0 false 5 0
L -304 208 -304 128 0 0 false 5 0
L -272 208 -272 128 0 0 false 5 0
L -240 208 -240 128 0 0 false 5 0
L -144 208 -144 128 0 0 false 5 0
L -112 208 -112 128 0 0 false 5 0
L -80 208 -80 128 0 0 false 5 0
L -48 208 -48 128 0 0 false 5 0
w -240 208 -240 256 0
w -240 368 -672 368 0
w -672 368 -672 592 0
w -672 592 -544 592 0
w -544 560 -640 560 0
w -640 560 -640 384 0
w -640 384 -272 384 0
w -272 272 -272 208 0
w -304 208 -304 288 0
w -304 400 -608 400 0
w -608 400 -608 528 0
w -608 528 -544 528 0
w -544 496 -576 496 0
w -576 496 -576 416 0
w -576 416 -336 416 0
w -336 304 -336 208 0
w 128 592 256 592 0
w 160 496 128 496 0
w 128 560 224 560 0
w 224 560 224 400 0
w 192 384 192 528 0
w 192 528 128 528 0
w -416 496 -352 496 0
w -416 528 -352 528 0
w -416 560 -352 560 0
w -416 592 -352 592 0
w -416 624 -288 624 0
w -416 656 -256 656 0
w -256 656 -256 624 0
w -416 688 -224 688 0
w -224 688 -224 624 0
w 0 496 -32 496 0
w 0 528 -32 528 0
w 0 560 -32 560 0
w 0 592 -32 592 0
w -96 624 0 624 0
w -128 624 -128 656 0
w -128 656 0 656 0
w 0 688 -160 688 0
w -160 688 -160 624 0
w -672 592 -672 816 0
w -96 816 -672 816 0
w -640 560 -640 784 0
w -640 784 -96 784 0
w -608 528 -608 752 0
w -608 752 -96 752 0
w -576 496 -576 720 0
w -576 720 -96 720 0
w -96 944 -160 944 0
w -160 944 -160 1120 0
w -192 1088 -192 912 0
w -192 912 -96 912 0
w -96 880 -224 880 0
w -224 880 -224 1056 0
w -96 848 -256 848 0
w -256 848 -256 1024 0
w 160 496 160 368 0
w 256 416 256 592 0
w 160 496 160 1024 0
w 160 1024 -256 1024 0
w -224 1056 192 1056 0
w 192 1056 192 528 0
w 224 560 224 1088 0
w 224 1088 -192 1088 0
w -160 1120 256 1120 0
w 256 1120 256 592 0
197 304 112 336 112 1024
w -144 208 -144 256 0
w -144 368 160 368 0
w -112 208 -112 272 0
w -112 384 192 384 0
w -80 208 -80 288 0
w -80 400 224 400 0
w -48 208 -48 304 0
w -48 416 256 416 0
x -199 134 -185 137 4 24 \p
157 16 112 160 112 1024 7 0 0
x -11 164 3 167 4 24 \q
w -336 304 -336 416 0
w -304 400 -304 288 0
w -272 384 -272 272 0
w -240 256 -240 368 0
w -144 368 -144 256 0
w -112 272 -112 384 0
w -80 400 -80 288 0
w -48 304 -48 416 0
w 0 784 528 784 0
w 432 112 528 112 0
w 528 112 528 784 0
w 432 144 496 144 0
w 496 144 496 816 0
w 432 176 464 176 0
w 464 176 464 848 0
w 432 208 432 880 0
w 0 880 432 880 0
w 0 848 464 848 0
w 0 816 496 816 0
w 304 112 176 112 0
w 304 144 176 144 0
w 176 176 304 176 0
w 176 208 304 208 0
w 112 240 304 240 0
w 304 272 80 272 0
w 80 240 80 272 0
w 48 240 48 304 0
w 48 304 304 304 0
x 133 24 186 27 4 24 carry
g 64 48 32 48 0 0
w 208 48 560 48 0
w 0 720 560 720 0
w 560 720 560 48 0
162 208 48 112 48 2 default-led 1 0 0 0.01
r 64 48 112 48 0 1000
