$ 1 0.000005 25.510281670702206 50 5 50 5e-11
156 96 352 160 352 0 5
156 288 352 384 352 0 5
156 496 352 528 352 0 5
156 688 352 720 352 0 0
L 96 352 -16 352 0 1 false 5 0
w 96 352 48 352 0
w 96 416 48 416 0
w 48 416 48 352 0
R 48 496 -16 496 1 2 100 2.5 2.5 0 0.5
w 48 496 80 496 0
w 80 496 80 384 0
w 80 384 96 384 0
w 80 496 272 496 0
w 272 496 272 384 0
w 272 496 480 496 0
w 480 496 672 496 0
w 672 496 672 384 0
w 672 384 688 384 0
150 416 208 512 208 0 2 5 5
150 624 224 736 224 0 2 5 5
w 224 352 256 352 0
w 256 352 256 192 0
w 384 224 384 352 0
w 624 240 624 352 0
w 736 224 736 288 0
w 736 288 656 288 0
w 656 288 656 352 0
w 256 416 256 352 0
w 464 416 464 352 0
w 464 352 464 272 0
w 544 272 464 272 0
w 656 352 688 352 0
w 688 416 656 416 0
w 656 416 656 352 0
w 816 352 816 608 0
w 224 608 400 608 0
w 624 576 496 576 0
197 272 656 432 656 5120
157 128 816 208 816 1024 7 0 0
w 400 608 400 624 0
w 464 624 464 576 0
w 464 576 496 576 0
w 496 624 496 608 0
w 496 608 816 608 0
w 496 752 496 816 0
w 496 816 384 816 0
w 464 752 464 848 0
w 464 848 384 848 0
w 432 752 432 880 0
w 432 880 384 880 0
w 400 752 400 912 0
w 400 912 384 912 0
w 384 816 288 816 0
w 384 848 288 848 0
w 384 880 288 880 0
w 384 912 288 912 0
w 368 752 368 944 0
w 224 944 368 944 0
w 336 752 336 976 0
w 192 944 192 976 0
w 192 976 336 976 0
w 304 752 304 1008 0
w 160 944 160 1008 0
w 304 1008 160 1008 0
w 224 352 192 352 0
w 224 352 224 608 0
w 784 352 816 352 0
w 432 624 432 352 0
w 432 352 384 352 0
w 624 352 624 576 0
w 256 416 288 416 0
w 272 384 288 384 0
w 256 352 288 352 0
w 384 224 416 224 0
w 256 192 416 192 0
w 496 352 464 352 0
w 496 416 464 416 0
w 496 384 480 384 0
w 480 384 480 496 0
w 544 208 624 208 0
w 592 352 624 352 0
w 512 208 544 208 0
w 544 208 544 272 0
