$ 1 0.000005 10.20027730826997 50 5 50 5e-11
185 240 288 416 288 0 3
w 96 288 240 288 0
168 464 256 528 256 2050 8 0 0 0 0 0 0 0 5
w 400 288 464 288 0
w 400 320 464 320 0
w 400 352 464 352 0
w 400 384 464 384 0
w 400 416 464 416 0
w 400 448 464 448 0
w 400 480 464 480 0
w 400 512 464 512 0
w 560 320 688 320 0
w 560 352 688 352 0
w 560 384 688 384 0
w 560 416 688 416 0
w 560 448 688 448 0
w 560 480 688 480 0
w 560 512 688 512 0
w 192 224 400 224 0
w 400 224 400 256 0
w 400 256 464 256 0
194 96 224 192 224 0 false 0.001
s -96 336 -16 336 0 1 true
s -96 384 -16 384 0 1 true
s -96 432 -16 432 0 1 true
s -96 480 -16 480 0 1 true
s -96 528 -16 528 0 1 true
s -96 576 -16 576 0 1 true
s -96 624 -16 624 0 1 true
. 3\sBit\sDecoder 0 2 7 11 1 6 6 2 2 9 5 2 3 7 4 2 4 1 3 2 5 2 2 2 6 3 1 2 7 4 0 2 Q0 8 4 3 Q1 10 2 3 Q2 5 0 3 ZR 11 6 3 OrGateElm\s1\s2\s3\s4\s5\rOrGateElm\s6\s7\s2\s4\s8\rOrGateElm\s9\s7\s3\s4\s10\rInverterElm\s6\s11 0\\s4\\s0\\s5\s0\\s4\\s0\\s5\s0\\s4\\s0\\s5\s0\\s0.5\\s5
410 176 736 192 784 7169 3\sBit\sDecoder 0\s4\s0\s5 0\s4\s0\s5 0\s4\s0\s5 0\s0.5\s5
w 304 704 336 704 0
w 400 672 400 704 0
w 208 800 -16 800 0
w -16 624 -16 800 0
w -16 576 0 576 0
w 0 576 0 816 0
w 0 816 240 816 0
w 240 816 240 800 0
w -16 528 0 528 0
w 0 528 16 528 0
w 16 528 16 832 0
w 16 832 272 832 0
w 272 800 272 832 0
w -16 480 32 480 0
w 32 480 32 848 0
w 32 848 304 848 0
w 304 848 304 800 0
w 336 800 336 864 0
w 336 864 48 864 0
w 48 864 48 432 0
w 48 432 -16 432 0
w -16 384 64 384 0
w 64 384 64 880 0
w 64 880 368 880 0
w 368 880 368 800 0
w -16 336 80 336 0
w 80 336 80 896 0
w 80 896 400 896 0
w 400 896 400 800 0
w 96 288 96 544 0
w 304 704 304 592 0
w 272 704 272 608 0
w 400 672 336 672 0
w 336 672 336 592 0
w 336 592 336 576 0
w 304 592 304 576 0
w 272 608 272 576 0
152 192 544 96 544 0 4 0 5
s -96 688 -32 688 0 1 true
150 192 688 192 608 0 2 0 5
w 96 288 96 224 0
w 208 704 208 688 0
w 176 688 -32 688 0
w 192 608 192 576 0
w 192 560 208 560 0
w 208 560 208 608 0
w 272 608 208 608 0
w 192 528 224 528 0
w 224 528 224 592 0
w 192 512 240 512 0
w 240 512 240 576 0
w 224 592 304 592 0
w 240 576 336 576 0
w -96 688 -144 688 0
w -144 688 -144 624 0
w -96 336 -144 336 0
w -144 384 -144 336 0
w -144 432 -144 384 0
w -144 480 -144 432 0
w -144 528 -144 480 0
w -144 576 -144 528 0
w -144 624 -144 576 0
w -144 624 -96 624 0
w -96 576 -144 576 0
w -96 528 -144 528 0
w -96 480 -144 480 0
w -96 432 -144 432 0
w -96 384 -144 384 0
w -96 1136 -144 1136 0
w -96 1184 -144 1184 0
w -96 1232 -144 1232 0
w -96 1280 -144 1280 0
w -96 1328 -144 1328 0
w -144 1376 -96 1376 0
w -144 1376 -144 1328 0
w -144 1328 -144 1280 0
w -144 1280 -144 1232 0
w -144 1232 -144 1184 0
w -144 1184 -144 1136 0
w -144 1136 -144 1088 0
w -96 1088 -144 1088 0
w -144 1440 -144 1376 0
w -96 1440 -144 1440 0
R -144 1440 -144 1504 0 0 40 5 0 0 0.5
w 240 1328 336 1328 0
w 224 1344 304 1344 0
w 240 1264 240 1328 0
w 192 1264 240 1264 0
w 224 1280 224 1344 0
w 192 1280 224 1280 0
w 272 1360 208 1360 0
w 208 1312 208 1360 0
w 192 1312 208 1312 0
w 192 1360 192 1328 0
w 176 1440 -32 1440 0
w 208 1456 208 1440 0
w 96 1040 96 976 0
150 192 1440 192 1360 0 2 0 5
s -96 1440 -32 1440 0 1 true
152 192 1296 96 1296 0 4 0 5
w 272 1360 272 1328 0
w 304 1344 304 1328 0
w 336 1344 336 1328 0
w 336 1424 336 1344 0
w 400 1424 336 1424 0
w 272 1456 272 1360 0
w 304 1456 304 1344 0
w 96 1040 96 1296 0
w 400 1648 400 1552 0
w 80 1648 400 1648 0
w 80 1088 80 1648 0
w -16 1088 80 1088 0
w 368 1632 368 1552 0
w 64 1632 368 1632 0
w 64 1136 64 1632 0
w -16 1136 64 1136 0
w 48 1184 -16 1184 0
w 48 1616 48 1184 0
w 336 1616 48 1616 0
w 336 1552 336 1616 0
w 304 1600 304 1552 0
w 32 1600 304 1600 0
w 32 1232 32 1600 0
w -16 1232 32 1232 0
w 272 1552 272 1584 0
w 16 1584 272 1584 0
w 16 1280 16 1584 0
w 0 1280 16 1280 0
w -16 1280 0 1280 0
w 240 1568 240 1552 0
w 0 1568 240 1568 0
w 0 1328 0 1568 0
w -16 1328 0 1328 0
w -16 1376 -16 1552 0
w 208 1552 -16 1552 0
w 400 1424 400 1456 0
w 304 1456 336 1456 0
410 176 1488 192 1536 7169 3\sBit\sDecoder 0\s4\s0\s5 0\s4\s0\s5 0\s4\s0\s5 0\s0.5\s5
s -96 1376 -16 1376 0 1 true
s -96 1328 -16 1328 0 1 true
s -96 1280 -16 1280 0 1 true
s -96 1232 -16 1232 0 1 true
s -96 1184 -16 1184 0 1 true
s -96 1136 -16 1136 0 1 true
s -96 1088 -16 1088 0 1 true
194 96 976 192 976 0 false 0.001
w 400 1008 464 1008 0
w 400 976 400 1008 0
w 192 976 400 976 0
w 560 1264 688 1264 0
w 560 1232 784 1232 0
w 560 1200 688 1200 0
w 560 1168 688 1168 0
w 560 1136 688 1136 0
w 560 1104 688 1104 0
w 560 1072 688 1072 0
w 400 1264 464 1264 0
w 400 1232 464 1232 0
w 400 1200 464 1200 0
w 400 1168 464 1168 0
w 400 1136 464 1136 0
w 400 1104 464 1104 0
w 400 1072 464 1072 0
w 400 1040 464 1040 0
168 464 1008 528 1008 2050 8 0 5 0 0 0 0 0 0
w 96 1040 240 1040 0
185 240 1040 416 1040 0 3
196 1136 656 1296 656 2 4
410 816 512 912 640 1 3\sBit\sDecoder 0\s4\s5\s5 0\s4\s5\s5 0\s4\s5\s5 0\s0.5\s5
410 816 880 864 928 1 3\sBit\sDecoder 0\s4\s0\s5 0\s4\s5\s5 0\s4\s0\s5 0\s0.5\s5
w 688 1072 816 1072 0
w 688 1104 720 1104 0
w 720 1104 720 1040 0
w 720 1040 816 1040 0
w 688 1136 736 1136 0
w 736 1136 736 1008 0
w 736 1008 816 1008 0
w 688 1168 752 1168 0
w 752 1168 752 976 0
w 752 976 816 976 0
w 688 1200 768 1200 0
w 768 1200 768 944 0
w 768 944 816 944 0
w 784 1232 784 912 0
w 784 912 816 912 0
w 688 1264 800 1264 0
w 800 1264 800 880 0
w 800 880 816 880 0
w 688 512 816 512 0
w 688 480 800 480 0
w 800 480 800 544 0
w 688 448 784 448 0
w 800 544 816 544 0
w 784 448 784 576 0
w 784 576 816 576 0
w 688 416 768 416 0
w 768 416 768 608 0
w 768 608 816 608 0
w 816 640 752 640 0
w 752 640 752 384 0
w 752 384 688 384 0
w 688 352 736 352 0
w 736 352 736 672 0
w 736 672 816 672 0
w 816 704 720 704 0
w 688 320 720 320 0
w 720 320 720 704 0
w 912 1008 1088 1008 0
w 1136 880 1088 880 0
w 1088 880 1088 1008 0
w 912 944 1056 944 0
w 1056 944 1056 848 0
w 1056 848 1136 848 0
w 912 880 1024 880 0
w 1024 880 1024 816 0
w 1024 816 1136 816 0
w 912 640 1040 640 0
w 1072 576 912 576 0
w 912 512 1104 512 0
197 1392 208 1472 208 2048
197 1760 208 1872 208 3072
197 1232 720 1248 720 0
157 1376 448 1456 448 1024 7 0 0
157 1760 448 1824 448 0 7 0 0
157 2112 448 2176 448 0 7 0 0
w 2112 448 2016 448 0
w 2048 480 2112 480 0
w 2112 512 2080 512 0
w 1088 1072 2288 1072 0
w 2288 304 2288 1072 0
w 1056 1104 2320 1104 0
w 2320 1104 2320 336 0
w 2352 368 2352 1136 0
w 2352 1136 1024 1136 0
w 1472 576 1600 576 0
w 1440 576 1440 592 0
w 1440 592 1616 592 0
w 1408 576 1408 608 0
w 1408 608 1552 608 0
w 1536 400 1520 400 0
w 1520 368 1552 368 0
w 1552 480 1536 480 0
w 1536 512 1568 512 0
w 1568 336 1520 336 0
w 1520 304 1584 304 0
w 1536 544 1584 544 0
w 1520 272 1600 272 0
w 1520 240 1616 240 0
w 1552 608 1632 608 0
w 1520 208 1632 208 0
w 1392 304 1040 304 0
w 1392 336 1072 336 0
w 1392 368 1104 368 0
w 1040 304 1040 640 0
w 1072 576 1072 336 0
w 1104 512 1104 368 0
w 1040 640 1040 752 0
w 1136 752 1040 752 0
w 1072 576 1072 720 0
w 1072 720 1136 720 0
w 1136 688 1104 688 0
w 1104 688 1104 512 0
w 1360 880 1392 880 0
w 1424 848 1360 848 0
w 1360 816 1456 816 0
w 2208 576 2208 592 0
w 2240 576 2240 608 0
w 1360 720 2016 720 0
w 2016 448 2016 720 0
w 2048 480 2048 752 0
w 1360 752 2048 752 0
w 2080 512 2080 784 0
w 1360 784 2080 784 0
w 2112 544 2112 816 0
w 1456 816 2112 816 0
w 2176 576 2176 848 0
w 1424 848 2176 848 0
w 2208 592 2208 880 0
w 1392 880 2208 880 0
w 2240 608 2240 912 0
w 1360 912 2240 912 0
w 1536 448 1536 400 0
w 1552 368 1552 480 0
w 1568 336 1568 512 0
w 1584 304 1584 544 0
w 1600 272 1600 576 0
w 1616 240 1616 592 0
w 1632 208 1632 608 0
w 1024 880 1024 1136 0
w 1056 944 1056 1104 0
w 1088 1008 1088 1072 0
w -144 688 -144 1088 0
w 1760 400 1760 448 0
w 1760 368 1744 368 0
w 1744 368 1744 480 0
w 1760 480 1744 480 0
w 1760 512 1728 512 0
w 1728 512 1728 336 0
w 1728 336 1760 336 0
w 1760 304 1712 304 0
w 1712 304 1712 544 0
w 1712 544 1760 544 0
w 1824 576 1696 576 0
w 1696 576 1696 272 0
w 1696 272 1760 272 0
w 1760 240 1680 240 0
w 1680 240 1680 592 0
w 1680 592 1856 592 0
w 1856 576 1856 592 0
w 1888 576 1888 608 0
w 1888 608 1664 608 0
w 1664 608 1664 208 0
w 1664 208 1760 208 0
w 2288 304 1888 304 0
w 1888 336 2320 336 0
w 2352 368 1888 368 0
