$ 1 0.000005 10.20027730826997 50 5 50 5e-11
185 240 288 416 288 0 3
w 96 288 240 288 0
168 464 256 528 256 2050 8 5 0 0 0 0 0 0 0
w 400 288 464 288 0
w 400 320 464 320 0
w 400 352 464 352 0
w 400 384 464 384 0
w 400 416 464 416 0
w 400 448 464 448 0
w 400 480 464 480 0
w 400 512 464 512 0
w 560 288 688 288 0
w 560 320 688 320 0
w 560 352 688 352 0
w 560 384 688 384 0
w 560 416 688 416 0
w 560 448 688 448 0
w 560 480 688 480 0
w 560 512 688 512 0
w 192 224 400 224 0
w 400 224 400 256 0
w 400 256 464 256 0
194 96 224 192 224 0 false 0.001
s -96 336 -16 336 0 1 true
s -96 384 -16 384 0 1 true
s -96 432 -16 432 0 1 true
s -96 480 -16 480 0 1 true
s -96 528 -16 528 0 1 true
s -96 576 -16 576 0 1 true
s -96 624 -16 624 0 1 true
. 3\sBit\sDecoder 0 2 7 11 1 6 6 2 2 9 5 2 3 7 4 2 4 1 3 2 5 2 2 2 6 3 1 2 7 4 0 2 Q0 8 4 3 Q1 10 2 3 Q2 5 0 3 ZR 11 6 3 OrGateElm\s1\s2\s3\s4\s5\rOrGateElm\s6\s7\s2\s4\s8\rOrGateElm\s9\s7\s3\s4\s10\rInverterElm\s6\s11 0\\s4\\s0\\s5\s0\\s4\\s0\\s5\s0\\s4\\s0\\s5\s0\\s0.5\\s5
410 176 736 192 784 7169 3\sBit\sDecoder 0\s4\s0\s5 0\s4\s0\s5 0\s4\s0\s5 0\s0.5\s5
w 304 704 336 704 0
w 400 672 400 704 0
w 208 800 -16 800 0
w -16 624 -16 800 0
w -16 576 0 576 0
w 0 576 0 816 0
w 0 816 240 816 0
w 240 816 240 800 0
w -16 528 0 528 0
w 0 528 16 528 0
w 16 528 16 832 0
w 16 832 272 832 0
w 272 800 272 832 0
w -16 480 32 480 0
w 32 480 32 848 0
w 32 848 304 848 0
w 304 848 304 800 0
w 336 800 336 864 0
w 336 864 48 864 0
w 48 864 48 432 0
w 48 432 -16 432 0
w -16 384 64 384 0
w 64 384 64 880 0
w 64 880 368 880 0
w 368 880 368 800 0
w -16 336 80 336 0
w 80 336 80 896 0
w 80 896 400 896 0
w 400 896 400 800 0
w 96 288 96 544 0
w 304 704 304 592 0
w 272 704 272 608 0
w 400 672 336 672 0
w 336 672 336 592 0
w 336 592 336 576 0
w 304 592 304 576 0
w 272 608 272 576 0
152 192 544 96 544 0 4 0 5
s -96 688 -32 688 0 1 true
150 192 688 192 608 0 2 0 5
w 96 288 96 224 0
w 208 704 208 688 0
w 176 688 -32 688 0
w 192 608 192 576 0
w 192 560 208 560 0
w 208 560 208 608 0
w 272 608 208 608 0
w 192 528 224 528 0
w 224 528 224 592 0
w 192 512 240 512 0
w 240 512 240 576 0
w 224 592 304 592 0
w 240 576 336 576 0
R -144 688 -144 752 0 0 40 5 0 0 0.5
w -96 688 -144 688 0
w -144 688 -144 624 0
w -96 336 -144 336 0
w -144 384 -144 336 0
w -144 432 -144 384 0
w -144 480 -144 432 0
w -144 528 -144 480 0
w -144 576 -144 528 0
w -144 624 -144 576 0
w -144 624 -96 624 0
w -96 576 -144 576 0
w -96 528 -144 528 0
w -96 480 -144 480 0
w -96 432 -144 432 0
w -96 384 -144 384 0
